      1990.00      0.00000
      1990.08      0.00000
      1990.17      0.00000
      1990.25      0.00000
      1990.33      0.00000
      1990.42      0.00000
      1990.50      0.00000
      1990.58      0.00000
      1990.67      0.00000
      1990.75      0.00000
      1990.83      0.00000
      1990.92      0.00000
      1991.00   0.00366747
      1991.08   -0.0163505
      1991.17   -0.0410767
      1991.25   -0.0487046
      1991.33   -0.0282452
      1991.42   -0.0123411
      1991.50  -0.00580573
      1991.58    0.0516229
      1991.67     0.165939
      1991.75     0.262334
      1991.83     0.236055
      1991.92    0.0442983
      1992.00    -0.280451
      1992.08    -0.665994
      1992.17     -1.06185
      1992.25     -1.49348
      1992.33     -2.00844
      1992.42     -2.59745
      1992.50     -3.09575
      1992.58     -3.32185
      1992.67     -3.35901
      1992.75     -3.45337
      1992.83     -3.70314
      1992.92     -3.99664
      1993.00     -4.20373
      1993.08     -4.34051
      1993.17     -4.47354
      1993.25     -4.68044
      1993.33     -5.00206
      1993.42     -5.35441
      1993.50     -5.60090
      1993.58     -5.68279
      1993.67     -5.69283
      1993.75     -5.72672
      1993.83     -5.74167
      1993.92     -5.68435
      1994.00     -5.60377
      1994.08     -5.57468
      1994.17     -5.59655
      1994.25     -5.64921
      1994.33     -5.68003
      1994.42     -5.62183
      1994.50     -5.52688
      1994.58     -5.51507
      1994.67     -5.61011
      1994.75     -5.67921
      1994.83     -5.62057
      1994.92     -5.49940
      1995.00     -5.50000
      1995.08     -5.40696
      1995.17     -5.31806
      1995.25     -5.23294
      1995.33     -5.15129
      1995.42     -5.07285
      1995.50     -4.99737
      1995.58     -4.92464
      1995.67     -4.85445
      1995.75     -4.78665
      1995.83     -4.72107
      1995.92     -4.65757
      1996.00     -4.59603
      1996.08     -4.53632
      1996.17     -4.47835
      1996.25     -4.42201
      1996.33     -4.36721
      1996.42     -4.31387
      1996.50     -4.26192
      1996.58     -4.21129
      1996.67     -4.16190
      1996.75     -4.11371
      1996.83     -4.06664
      1996.92     -4.02067
      1997.00     -3.97572
      1997.08     -3.93176
      1997.17     -3.88875
      1997.25     -3.84664
      1997.33     -3.80540
      1997.42     -3.76500
      1997.50     -3.72539
      1997.58     -3.68656
      1997.67     -3.64846
      1997.75     -3.61108
      1997.83     -3.57438
      1997.92     -3.53834
      1998.00     -3.50294
      1998.08     -3.46816
      1998.17     -3.43397
      1998.25     -3.40036
      1998.33     -3.36730
      1998.42     -3.33478
      1998.50     -3.30278
      1998.58     -3.27128
      1998.67     -3.24027
      1998.75     -3.20974
      1998.83     -3.17966
      1998.92     -3.15003
      1999.00     -3.12083
      1999.08     -3.09205
      1999.17     -3.06369
      1999.25     -3.03571
      1999.33     -3.00813
      1999.42     -2.98091
      1999.50     -2.95407
      1999.58     -2.92758
      1999.67     -2.90143
      1999.75     -2.87563
      1999.83     -2.85015
      1999.92     -2.82499
      2000.00     -2.80015
      2000.08     -2.77561
      2000.17     -2.75136
      2000.25     -2.72741
      2000.33     -2.70374
      2000.42     -2.68035
      2000.50     -2.65723
      2000.58     -2.63437
      2000.67     -2.61177
      2000.75     -2.58943
      2000.83     -2.56733
      2000.92     -2.54547
      2001.00     -2.52385
      2001.08     -2.50246
      2001.17     -2.48129
      2001.25     -2.46035
      2001.33     -2.43962
      2001.42     -2.41911
      2001.50     -2.39881
      2001.58     -2.37870
      2001.67     -2.35880
      2001.75     -2.33910
      2001.83     -2.31959
      2001.92     -2.30026
      2002.00     -2.28112
      2002.08     -2.26217
      2002.17     -2.24339
      2002.25     -2.22478
      2002.33     -2.20635
      2002.42     -2.18808
      2002.50     -2.16998
      2002.58     -2.15205
      2002.67     -2.13427
      2002.75     -2.11665
      2002.83     -2.09918
      2002.92     -2.08186
      2003.00     -2.06470
      2003.08     -2.04768
      2003.17     -2.03080
      2003.25     -2.01406
      2003.33     -1.99746
      2003.42     -1.98100
      2003.50     -1.96468
      2003.58     -1.94848
      2003.67     -1.93242
      2003.75     -1.91648
      2003.83     -1.90067
      2003.92     -1.88498
      2004.00     -1.86942
      2004.08     -1.85398
      2004.17     -1.83865
      2004.25     -1.82344
      2004.33     -1.80835
      2004.42     -1.79337
      2004.50     -1.77850
      2004.58     -1.76374
      2004.67     -1.74908
      2004.75     -1.73454
      2004.83     -1.72010
      2004.92     -1.70576
      2005.00     -1.69152
      2005.08     -1.67739
      2005.17     -1.66336
      2005.25     -1.64942
      2005.33     -1.63558
      2005.42     -1.62183
      2005.50     -1.60818
      2005.58     -1.59462
      2005.67     -1.58115
      2005.75     -1.56777
      2005.83     -1.55449
      2005.92     -1.54128
      2006.00     -1.52817
      2006.08     -1.51514
      2006.17     -1.50219
      2006.25     -1.48933
      2006.33     -1.47655
      2006.42     -1.46385
      2006.50     -1.45124
      2006.58     -1.43870
      2006.67     -1.42624
      2006.75     -1.41385
      2006.83     -1.40154
      2006.92     -1.38931
      2007.00     -1.37715
      2007.08     -1.36507
      2007.17     -1.35306
      2007.25     -1.34112
      2007.33     -1.32925
      2007.42     -1.31745
      2007.50     -1.30572
      2007.58     -1.29406
      2007.67     -1.28246
      2007.75     -1.27093
      2007.83     -1.25947
      2007.92     -1.24808
      2008.00     -1.23675
      2008.08     -1.22548
      2008.17     -1.21427
      2008.25     -1.20313
      2008.33     -1.19205
      2008.42     -1.18103
      2008.50     -1.17007
      2008.58     -1.15917
      2008.67     -1.14833
      2008.75     -1.13755
      2008.83     -1.12683
      2008.92     -1.11616
      2009.00     -1.10555
      2009.08     -1.09500
      2009.17     -1.08450
      2009.25     -1.07405
      2009.33     -1.06366
      2009.42     -1.05333
      2009.50     -1.04305
      2009.58     -1.03282
      2009.67     -1.02264
      2009.75     -1.01251
      2009.83     -1.00244
      2009.92    -0.992410
      2010.00    -0.982435
      2010.08    -0.972509
      2010.17    -0.962633
      2010.25    -0.952805
      2010.33    -0.943025
      2010.42    -0.933292
      2010.50    -0.923607
      2010.58    -0.913969
      2010.67    -0.904377
      2010.75    -0.894830
      2010.83    -0.885329
      2010.92    -0.875873
      2011.00    -0.866460
      2011.08    -0.857093
      2011.17    -0.847769
      2011.25    -0.838488
      2011.33    -0.829250
      2011.42    -0.820055
      2011.50    -0.810901
      2011.58    -0.801790
      2011.67    -0.792719
      2011.75    -0.783690
      2011.83    -0.774702
      2011.92    -0.765753
      2012.00    -0.756844
      2012.08    -0.747975
      2012.17    -0.739145
      2012.25    -0.730354
      2012.33    -0.721601
      2012.42    -0.712886
      2012.50    -0.704209
      2012.58    -0.695570
      2012.67    -0.686968
      2012.75    -0.678402
      2012.83    -0.669874
      2012.92    -0.661381
      2013.00    -0.652925
      2013.08    -0.644504
      2013.17    -0.636117
      2013.25    -0.627767
      2013.33    -0.619451
      2013.42    -0.611169
      2013.50    -0.602922
      2013.58    -0.594708
      2013.67    -0.586528
      2013.75    -0.578382
      2013.83    -0.570268
      2013.92    -0.562187
      2014.00    -0.554139
      2014.08    -0.546123
      2014.17    -0.538139
      2014.25    -0.530187
      2014.33    -0.522266
      2014.42    -0.514376
      2014.50    -0.506518
      2014.58    -0.498690
      2014.67    -0.490893
      2014.75    -0.483126
      2014.83    -0.475389
      2014.92    -0.467681
      2015.00    -0.460004
      2015.08    -0.452356
      2015.17    -0.444737
      2015.25    -0.437147
      2015.33    -0.429585
      2015.42    -0.422052
      2015.50    -0.414547
      2015.58    -0.407071
      2015.67    -0.399622
      2015.75    -0.392201
      2015.83    -0.384807
      2015.92    -0.377441
      2016.00    -0.370101
      2016.08    -0.362789
      2016.17    -0.355503
      2016.25    -0.348243
      2016.33    -0.341010
      2016.42    -0.333803
      2016.50    -0.326622
      2016.58    -0.319466
      2016.67    -0.312335
      2016.75    -0.305231
      2016.83    -0.298151
      2016.92    -0.291096
      2017.00    -0.284067
      2017.08    -0.277061
      2017.17    -0.270081
      2017.25    -0.263124
      2017.33    -0.256192
      2017.42    -0.249283
      2017.50    -0.242398
      2017.58    -0.235537
      2017.67    -0.228700
      2017.75    -0.221885
      2017.83    -0.215094
      2017.92    -0.208326
      2018.00    -0.201581
      2018.08    -0.194858
      2018.17    -0.188158
      2018.25    -0.181480
      2018.33    -0.174824
      2018.42    -0.168191
      2018.50    -0.161579
      2018.58    -0.154989
      2018.67    -0.148421
      2018.75    -0.141875
      2018.83    -0.135349
      2018.92    -0.128845
      2019.00    -0.122362
      2019.08    -0.115901
      2019.17    -0.109459
      2019.25    -0.103039
      2019.33   -0.0966387
      2019.42   -0.0902591
      2019.50   -0.0838995
      2019.58   -0.0775604
      2019.67   -0.0712414
      2019.75   -0.0649419
      2019.83   -0.0586624
      2019.92   -0.0524030
